instance,util_pct,time_ms,containers,unplaced,aabb_violations,bounds_violations,support_violations
1,32.942,3933.2,3,0,0,0,0
2,49.4319,5338.09,2,0,0,0,0
3,33.1934,3504.52,3,0,0,0,0
4,33.2743,3207.85,3,0,0,0,0
5,49.742,5305.83,2,0,0,0,0
6,33.278,3616.32,3,0,0,0,0
7,49.9016,4008.03,2,0,0,0,0
8,49.8761,5484.01,2,0,0,0,0
9,49.5937,3241.15,2,0,0,0,0
10,49.7928,5031.68,2,0,0,0,0
11,32.934,2387.98,3,0,0,0,0
12,33.2338,1862.31,3,0,0,0,0
13,49.9233,10247.9,2,0,0,0,0
14,32.888,3485.37,3,0,0,0,0
15,49.9203,2958.27,2,0,0,0,0
16,49.902,5128.38,2,0,0,0,0
17,49.7151,9513.96,2,0,0,0,0
18,49.2265,2281.1,2,0,0,0,0
19,49.9566,4516.51,2,0,0,0,0
20,49.8932,1610.09,2,0,0,0,0
21,49.8748,2267.42,2,0,0,0,0
22,33.1322,2990.96,3,0,0,0,0
23,49.8381,2913.91,2,0,0,0,0
24,49.737,3495.16,2,0,0,0,0
25,49.978,5580.23,2,0,0,0,0
26,49.7715,3686.84,2,0,0,0,0
27,49.6253,3454.54,2,0,0,0,0
28,33.0804,2790.44,3,0,0,0,0
29,49.8572,2197.22,2,0,0,0,0
30,49.9114,35347.9,2,0,0,0,0
31,49.9323,7257.58,2,0,0,0,0
32,49.9268,5963.02,2,0,0,0,0
33,33.1708,11346.2,3,0,0,0,0
34,49.5216,9827.7,2,0,0,0,0
35,49.8506,9705.65,2,0,0,0,0
36,32.9888,5417.84,3,0,0,0,0
37,49.7635,3813.54,2,0,0,0,0
38,49.8927,2506.98,2,0,0,0,0
39,49.841,9452.38,2,0,0,0,1
40,33.1873,4455.29,3,0,0,0,0
41,33.2878,3729.44,3,0,0,0,0
42,33.3194,7865.14,3,0,0,0,0
43,33.0932,4971.93,3,0,0,0,0
44,49.7787,5430.25,2,0,0,0,0
45,49.8695,5496.02,2,0,0,0,0
46,49.4148,3917.44,2,0,0,0,0
47,49.5843,4593.77,2,0,0,0,0
48,49.9428,5045.26,2,0,0,0,1
49,33.1458,1877.29,3,0,0,0,0
50,49.7199,6713.83,2,0,0,0,0
51,33.2597,3195.43,3,0,0,0,0
52,49.9897,3547.75,2,0,0,0,0
53,49.9439,7254.55,2,0,0,0,0
54,49.9996,5011.97,2,0,0,0,0
55,49.6515,3618.18,2,0,0,0,0
56,33.2455,18067.9,3,0,0,0,0
57,49.753,4506.6,2,0,0,0,0
58,33.3117,1493.84,3,0,0,0,0
59,49.9882,4878.54,2,0,0,0,0
60,49.9256,2159.01,2,0,0,0,0
61,32.814,1635.69,3,0,0,0,0
62,49.8061,3876.81,2,0,0,0,0
63,33.2565,2231.47,3,0,0,0,1
64,49.9845,2968.02,2,0,0,0,0
65,49.9965,33762.8,2,0,0,0,1
66,49.7475,5649.77,2,0,0,0,0
67,33.2057,7158.97,3,0,0,0,0
68,33.305,8064,3,0,0,0,0
69,33.0242,3943.41,3,0,0,0,0
70,33.1422,4399.77,3,0,0,0,0
71,33.222,1751.63,3,0,0,0,0
72,49.7895,1767.19,2,0,0,0,0
73,49.7973,2729.47,2,0,0,0,0
74,33.1013,2516.17,3,0,0,0,0
75,49.8838,4466.72,2,0,0,0,0
76,33.2216,27901.5,3,0,0,0,1
77,49.8962,20550,2,0,0,0,0
78,33.3108,5565.24,3,0,0,0,0
79,49.9009,10586.2,2,0,0,0,0
80,49.9819,6611.91,2,0,0,0,0
81,33.0448,2188.18,3,0,0,0,0
82,49.7421,6108.14,2,0,0,0,0
83,33.0887,1669.61,3,0,0,0,0
84,49.9599,1288.8,2,0,0,0,0
85,33.2972,9051.51,3,0,0,0,0
86,49.6009,5324.41,2,0,0,0,1
87,49.9707,3860.48,2,0,0,0,0
88,49.9654,4355.67,2,0,0,0,0
89,49.7083,3003.57,2,0,0,0,1
90,49.6616,2367.27,2,0,0,0,0
91,33.2389,10747.4,3,0,0,0,0
92,49.9343,2380.44,2,0,0,0,0
93,49.9434,2389.35,2,0,0,0,0
94,33.0028,2845.34,3,0,0,0,0
95,32.9951,4365.57,3,0,0,0,0
96,49.9206,7409.29,2,0,0,0,0
97,49.8025,4726.03,2,0,0,0,0
98,33.3315,3407.42,3,0,0,0,0
99,49.9849,3576.3,2,0,0,0,0
100,33.191,7791.31,3,0,0,0,0
